  3.62160   8.66610  -2.80730  -0.44699 : 0
  4.54590   8.16740  -2.45860  -1.46210 : 0
  3.86600  -2.63830   1.92420   0.10645 : 0
  3.45660   9.52280  -4.01120  -3.59440 : 0
  0.32924  -4.45520   4.57180  -0.98880 : 0
  4.36840   9.67180  -3.96060  -3.16250 : 0
  3.59120   3.01290   0.72888   0.56421 : 0
  2.09220  -6.81000   8.46360  -0.60216 : 0
  3.20320   5.75880  -0.75345  -0.61251 : 0
  1.53560   9.17720  -2.27180  -0.73535 : 0
  1.22470   8.77790  -2.21350  -0.80647 : 0
  3.98990  -2.70660   2.39460   0.86291 : 0
  1.89930   7.66250   0.15394  -3.11080 : 0
 -1.57680  10.84300   2.54620  -2.93620 : 0
  3.40400   8.72610  -2.99150  -0.57242 : 0
  4.67650  -3.38950   3.48960   1.47710 : 0
  2.67190   3.06460   0.37158   0.58619 : 0
  0.80355   2.84730   4.34390   0.60170 : 0
  1.44790  -4.87940   8.34280  -2.10860 : 0
  5.24230  11.02720  -4.35300  -4.10130 : 0
  5.78670   7.89020  -2.61960  -0.48708 : 0
  0.32920  -4.45520   4.57180  -0.98880 : 0
  3.93620  10.16220  -3.82350  -4.01720 : 0
  0.93584   8.88550  -1.68310  -1.65990 : 0
  4.43380   9.88700  -4.67950  -3.74830 : 0
  0.70570  -5.49810   8.33680  -2.87150 : 0
  1.14320  -3.74130   5.57770  -0.63578 : 0
 -0.38214   8.39090   2.16240  -3.74050 : 0
  6.56330   9.81870  -4.41130  -3.22580 : 0
  4.89060  -3.35840   3.42020   1.09050 : 0
 -0.24811  -0.17797   4.90680   0.15429 : 0
  1.48840   3.62740   3.30800   0.48921 : 0
  4.29690   7.61700  -2.38740  -0.96164 : 0
 -0.96511   9.41110   1.73050  -4.86290 : 0
 -1.61620   0.80908   8.16280   0.60817 : 0
  2.43910   6.44170  -0.80743  -0.69139 : 0
  2.68810   6.01950  -0.46641  -0.69268 : 0
  3.62890   0.81322   1.62770   0.77627 : 0
  4.56790   3.19290  -2.10550   0.29653 : 0
  3.48050   9.70080  -3.75410  -3.43790 : 0
  4.17110   8.72200  -3.02240  -0.59699 : 0
 -0.20620   9.22070  -3.70440  -6.81030 : 0
 -0.00689   9.29310  -0.41243  -1.96380 : 0
  0.96441   5.83950   2.32350   0.06636 : 0
  2.85610   6.91760  -0.79372   0.48403 : 0
 -0.78690   9.56630  -3.78670  -7.50340 : 0
  2.08430   6.62580   0.48382  -2.21340 : 0
 -0.78690   9.56630  -3.78670  -7.50340 : 0
  3.91020   6.06500  -2.45340  -0.68234 : 0
  1.63490   3.28600   2.87530   0.08705 : 0
  4.32390  -4.88350   3.43560  -0.57760 : 0
  5.26200   3.98340  -1.55720   1.01030 : 0
  3.14520   5.82500  -0.51439  -1.49440 : 0
  2.54900   6.14990  -1.16050  -1.23710 : 0
  4.92640   5.49600  -2.47740  -0.50648 : 0
  4.82650   0.80287   1.63710   1.18750 : 0
  2.56350   6.77690  -0.61979   0.38576 : 0
  5.80700   5.00970  -2.23840   0.43878 : 0
  3.13770  -4.10960   4.57010   0.98963 : 0
 -0.78289  11.36030  -0.37644  -7.04950 : 0
  2.88800   0.44696   4.59070  -0.24398 : 0
  0.49665   5.52700   1.77850  -0.47156 : 0
  4.25860  11.29620  -4.09430  -4.34570 : 0
  1.79390  -1.11740   1.54540  -0.26079 : 0
  5.40210   3.10390  -1.15360   1.56510 : 0
  2.53670   2.59900   2.09380   0.20085 : 0
  4.60540  -4.07650   2.75870   0.31981 : 0
  2.42350   9.53320  -3.07890  -2.77460 : 0
  1.00090   7.78460  -0.28219  -2.66080 : 0
  0.12326   8.98480  -0.93510  -2.43320 : 0
  3.95290  -2.35480   2.37920   0.48274 : 0
  4.13730   0.49248   1.09300   1.82760 : 0
  4.71810  10.01530  -3.94860  -3.85820 : 0
  4.16540  -3.44950   3.64300   1.08790 : 0
  4.40690  10.90720  -4.57750  -4.42710 : 0
  2.30660   3.53640   0.57551   0.41938 : 0
  3.79350   7.98530  -2.54770  -1.87200 : 0
  0.04918   6.14370   1.78280  -0.72113 : 0
  0.24835   7.64390   0.98850  -0.87371 : 0
  1.13170   3.96470   3.39790   0.84351 : 0
  2.80330   9.08620  -3.36680  -1.02240 : 0
  4.46820   2.29070   0.95766   0.83058 : 0
  5.01850   8.59780  -2.93750  -1.28100 : 0
  1.86640   7.77630  -0.23849  -2.96340 : 0
  3.24500   6.63000  -0.63435   0.86937 : 0
  4.02960   2.67560   0.80685   0.71679 : 0
 -1.13130   1.90370   7.53390   1.02200 : 0
  0.87603   6.81410   0.84198  -0.17156 : 0
  4.11970  -2.79560   2.07070   0.67412 : 0
  3.80270   0.81529   2.10410   1.02450 : 0
  1.48060   7.63770  -2.78760  -1.03410 : 0
  4.06320   3.58400   0.72545   0.39481 : 0
  4.30640   8.20680  -2.78240  -1.43360 : 0
  2.44860  -6.31750   7.96320   0.20602 : 0
  3.27180   1.78370   2.11610   0.61334 : 0
 -0.64472  -4.60620   8.34700  -2.70990 : 0
  2.95430   1.07600   0.64577   0.89394 : 0
  2.16160  -6.88040   8.15170  -0.08105 : 0
  3.82000  10.92790  -4.01120  -5.02840 : 0
 -2.74190  11.40380   2.53940  -5.57930 : 0
  3.36690  -5.18560   3.69350  -1.14270 : 0
  4.55970  -2.42110   2.64130   1.61680 : 0
  5.11290  -0.49871   0.62863   1.11890 : 0
  3.33970  -4.61450   3.98230  -0.23751 : 0
  4.20270   0.22761   0.96108   0.97282 : 0
  3.54380   1.23950   1.99700   2.15470 : 0
  2.31360  10.66510  -3.52880  -4.76720 : 0
 -1.85840   7.88600  -1.66430  -1.83840 : 0
  3.10600   9.54140  -4.25360  -4.00300 : 0
  2.91630  10.83060  -3.34370  -4.12200 : 0
  3.99220  -4.46760   3.73040  -0.10950 : 0
  1.51800   5.69460   0.09482  -0.02674 : 0
  3.23510   9.64700  -3.20740  -2.59480 : 0
  4.21880   6.81620  -1.28040   0.76076 : 0
  1.78190   6.91760  -1.27440  -1.57590 : 0
  2.53310   2.91350  -0.82200  -0.12243 : 0
  3.89690   7.41630  -1.82450   0.14007 : 0
  2.10800   6.79550  -0.17080   0.49050 : 0
  2.89690   0.70768   2.29000   1.86630 : 0
  0.92970  -3.79710   4.64290  -0.29570 : 0
  3.46420  10.68780  -3.40710  -4.10900 : 0
  4.07130  10.40230  -4.17220  -4.75820 : 0
 -1.45720   9.12140   1.74250  -5.12410 : 0
 -1.50750   1.92240   7.14660   0.89136 : 0
 -0.91718   9.98840   1.18040  -5.22630 : 0
  2.99400   7.20110  -1.21530   0.32110 : 0
 -2.34300  12.95160   3.32850  -5.94260 : 0
  3.78180  -2.88460   2.25580  -0.15734 : 0
  4.66890   1.30980   0.05540   1.90900 : 0
  3.46630   1.11120   1.74250   1.33880 : 0
  3.26970  -4.34140   3.68840  -0.29829 : 0
  5.13020   8.67030  -2.89130  -1.50860 : 0
  2.01390   6.14160   0.37929   0.56938 : 0
  0.43390   5.53950   2.03300  -0.40432 : 0
 -1.04010   9.39870   0.85998  -5.33360 : 0
  4.16050  11.21960  -3.61360  -4.08190 : 0
  5.43800   9.46690  -4.94170  -3.92020 : 0
  5.03200   8.20260  -2.62560  -1.03410 : 0
  5.24180  10.53880  -4.11740  -4.27970 : 0
 -0.20620   9.22070  -3.70440  -6.81030 : 0
  2.09110   0.94358   4.55120   1.23400 : 0
  1.73170  -0.34765   4.19050  -0.99138 : 0
  4.17360   3.33360  -1.42440   0.60429 : 0
  3.92320  -3.24670   3.45790   0.83705 : 0
  3.84810  10.15390  -3.85610  -4.22280 : 0
  0.51950  -3.26330   3.08950  -0.98490 : 0
  3.85840   0.78425   1.10330   1.70080 : 0
  1.74960  -0.17590   5.18270   1.29220 : 0
  3.62770   0.98290   0.68861   0.63403 : 0
  2.73910   7.40180   0.07168  -2.53020 : 0
  4.54470   8.22740  -2.41660  -1.58750 : 0
 -1.75990  11.92110   2.67560  -3.32410 : 0
  5.06910   0.21313   0.20278   1.20950 : 0
  3.45910  11.11200  -4.20390  -5.09310 : 0
  1.93580   8.16540  -0.02343  -2.25860 : 0
  2.48600  -0.99533   5.34040  -0.15475 : 0
  2.42260  -4.57520   5.94700   0.21507 : 0
  3.94790  -3.77230   2.88300   0.01981 : 0
  2.26340  -4.48620   3.65580  -0.61251 : 0
  1.35660   4.23580   2.13410   0.32110 : 0
  5.04520   3.89640  -1.43040   0.86291 : 0
  3.54990   8.61650  -3.27940  -1.20090 : 0
  0.17346   7.86950   0.26876  -3.78830 : 0
  2.40080   9.35930  -3.35650  -3.35260 : 0
  4.88510   1.59950  -0.00029   1.64010 : 0
  4.19270  -3.26740   2.58390   0.21766 : 0
  1.11660   8.64960  -0.96252  -1.81120 : 0
  1.02350   6.90100  -2.00620  -2.71250 : 0
 -1.80300  11.88180   2.04580  -5.27280 : 0
  0.11739   6.27610  -1.54950  -2.47460 : 0
  0.57060  -0.02480   1.24210  -0.56210 : 0
  4.05520  -2.45830   2.28060   1.03230 : 0
 -1.69520   1.06570   8.82940   0.94955 : 0
 -1.11930  10.72710   2.09380  -5.65040 : 0
  1.87990   2.47070   2.49310   0.37671 : 0
  3.58300  -3.79710   3.43910  -0.12501 : 0
  0.19081   9.12970  -3.72500  -5.82240 : 0
  3.65820   5.68640  -1.71570  -0.23751 : 0
 -0.13144  -1.77750   8.33160   0.35214 : 0
  2.39250   9.79800  -3.03610  -2.82240 : 0
  1.64260   3.01490   0.22849  -0.14700 : 0
 -0.11783  -1.57890   8.03000  -0.02803 : 0
 -0.69572   8.61650   1.84190  -4.32890 : 0
  2.94210   7.41010  -0.97709  -0.88406 : 0
 -1.75590  11.94590   3.09460  -4.89780 : 0
 -1.25370  10.88030   1.93100  -4.32370 : 0
  3.25850  -4.46140   3.80240  -0.15087 : 0
  1.83140   6.36720  -0.03628   0.04955 : 0
  4.56450  -3.62750   2.86840   0.27714 : 0
  2.73650  -5.03250   6.66080  -0.57889 : 0
  0.92970  -3.79710   4.64290  -0.29570 : 0
  3.96630  10.16840  -4.11310  -4.60560 : 0
  1.45780  -0.08485   4.17850   0.59136 : 0
  4.82720   3.06870   0.68604   0.80731 : 0
 -2.34100  12.37840   0.70403  -7.58360 : 0
 -1.85840   7.88600  -1.66430  -1.83840 : 0
  4.14540   7.25700  -1.91530  -0.86078 : 0
  1.91570   6.08160   0.23705  -2.01160 : 0
  4.02150  -2.19140   2.46480   1.14090 : 0
  5.88620   5.87470  -2.81670  -0.30087 : 0
 -2.08970  10.82650   2.36030  -3.41980 : 0
  4.00260  -3.59430   3.55730   0.26809 : 0
 -0.78689   9.56630  -3.78670  -7.50340 : 0
  4.17570  10.26150  -3.85520  -4.30560 : 0
  0.83292   7.54040   0.65005  -0.92544 : 0
  4.80770   2.23270  -0.26334   1.55340 : 0
  5.30630   5.26840  -2.89040  -0.52716 : 0
  2.56050   9.26830  -3.59130  -1.35600 : 0
  2.10590   7.60460  -0.47755  -1.84610 : 0
  2.17210  -0.73874   5.46720  -0.72371 : 0
  4.28990   9.18140  -4.60670  -4.32630 : 0
  3.51560  10.18910  -4.27590  -4.97800 : 0
  2.61400   8.00810  -3.72580  -1.30690 : 0
  0.68087   2.32590   4.90850   0.54998 : 0
  4.19620   0.74493   0.83256   0.75300 : 0
  6.09190   2.96730  -1.32670   1.45510 : 0
  1.32340   3.29640   0.23620  -0.11984 : 0
  1.32640   1.03260   5.65660  -0.41337 : 0
 -0.16735   7.62740   1.20610  -3.62410 : 0
 -1.30000  10.26780  -2.95300  -5.86380 : 0
 -2.22610  12.53980   2.94380  -3.52580 : 0
  2.41960   6.46650  -0.75688   0.22800 : 0
  1.09870   0.63940   5.98900  -0.58277 : 0
  4.64640  10.53260  -4.58520  -4.20600 : 0
 -0.36038   4.11580   3.11430  -0.37199 : 0
  1.35620   3.21360   4.34650   0.78662 : 0
  0.57060  -0.02480   1.24210  -0.56210 : 0
 -2.64790  10.13740  -1.33100  -5.47070 : 0
  3.12190  -3.13700   1.92590  -0.37458 : 0
  5.49440   1.54780   0.04169   1.92840 : 0
 -1.33890   1.55200   7.08060   1.03100 : 0
 -2.33610  11.96040   3.08350  -5.44350 : 0
  2.25960  -0.03312   4.73550  -0.27760 : 0
  0.46901  -0.63321   7.38480   0.36507 : 0
  2.72960   2.87010   0.51124   0.50990 : 0
  2.04660   2.03000   2.17610  -0.08363 : 0
 -1.32740   9.49800   2.44080  -5.26890 : 0
  3.89050  -2.15210   2.63020   1.10470 : 0
  3.99940   0.90427   1.16930   1.68920 : 0
  2.39520   9.50830  -3.17830  -3.00860 : 0
  3.27040   6.93210  -1.04560   0.23447 : 0
 -1.39310   1.56640   7.53820   0.78403 : 0
  1.64060   3.54880   1.39640  -0.36424 : 0
  2.77440   6.85760  -1.06710   0.07542 : 0
  2.42870   9.38210  -3.24770  -1.45430 : 0
  4.21340  -2.80600   2.01160   0.67412 : 0
  1.64720   0.48213   4.74490   1.22500 : 0
  2.05970  -0.99326   5.21190  -0.29312 : 0
  0.37980   0.70980   0.75720  -0.44440 : 0
  1.01350   8.45510  -1.67200  -2.08150 : 0
  4.56910  -4.45520   3.17690   0.00430 : 0
  0.57461  10.11050  -1.69170  -4.39220 : 0
  0.57340   9.19380  -0.90940  -1.87200 : 0
  5.28680   3.25700  -1.37210   1.16680 : 0
  4.01020  10.65680  -4.13880  -5.06460 : 0
  4.14250  -3.67920   3.82810   1.62970 : 0
  3.09340  -2.91770   2.22320   0.22283 : 0
  2.20340   5.99470   0.53009   0.84998 : 0
  3.74400   0.79459   0.95851   1.00770 : 0
  3.03290   2.29480   2.11350   0.35084 : 0
  3.77310   7.20730  -1.68140  -0.94742 : 0
  3.15570   2.89080   0.59693   0.79825 : 0
  1.81140   7.60670  -0.97880  -2.46680 : 0
  4.98800   7.20520  -3.28460  -1.16080 : 0
  2.48300   6.61550  -0.79287  -0.90863 : 0
  1.59400   4.70550   1.37580   0.08188 : 0
 -0.01610   9.74840   0.15394  -1.61340 : 0
  3.84960   9.79390  -4.15080  -4.45820 : 0
  0.92970  -3.79710   4.64290  -0.29570 : 0
  4.93420   2.41070  -0.17594   1.62450 : 0
  3.84170  10.02150  -4.26990  -4.91590 : 0
  5.39150   9.99460  -3.80810  -3.36420 : 0
  4.40720  -0.07036   2.04160   1.13190 : 0
  2.69460   6.79760  -0.40301   0.44912 : 0
  5.27560   0.13863   0.12138   1.14350 : 0
  3.43120   6.26370  -1.95130  -0.36165 : 0
  4.05200  -0.16555   0.45383   0.51248 : 0
  1.36380  -4.77590   8.41820  -1.88360 : 0
  0.89566   7.77630  -2.74730  -1.93530 : 0
  1.92650   7.75570  -0.16823  -3.07710 : 0
  0.20977  -0.46146   7.72670   0.90946 : 0
  4.06800  -2.93630   2.19920   0.50084 : 0
  2.87700  -4.05990   3.62590  -0.32544 : 0
  0.32230  -0.89808   8.08830   0.69222 : 0
 -1.30000  10.26780  -2.95300  -5.86380 : 0
  1.77470  -6.43340   8.15000  -0.89828 : 0
  1.34190  -4.42210   8.09000  -1.73490 : 0
  0.89606  10.54710  -1.41750  -4.03270 : 0
  0.44125   2.94870   4.32250   0.71550 : 0
  3.24220   6.22650   0.12224  -1.44660 : 0
  2.56780   3.51360   0.61406  -0.40691 : 0
 -2.21530  11.96250   0.07854  -7.78530 : 0
  4.13490   6.11890  -2.42940  -0.19613 : 0
  1.93400  -0.00001   4.81600  -0.33967 : 0
  2.50680   1.15880   3.92490   0.12585 : 0
  2.14640   6.07950  -0.57780  -2.23020 : 0
  0.05198   7.05210  -2.05410  -3.15080 : 0
  1.27060   8.03500  -0.19651  -2.18880 : 0
  1.14300   0.83391   5.45520  -0.56984 : 0
  2.29280   9.03860  -3.24170  -1.29910 : 0
  0.32920  -4.45520   4.57180  -0.98880 : 0
  2.97190   6.83690  -0.27020   0.71291 : 0
  1.68490   8.74890  -1.26410  -1.38580 : 0
 -1.91770  11.68940   2.54540  -3.27630 : 0
  2.37290  10.47260  -3.00870  -3.20130 : 0
  1.02840   9.76700  -1.36870  -1.78530 : 0
  0.27451   9.21860  -3.28630  -4.84480 : 0
  1.60320  -4.78630   8.51930  -2.12030 : 0
  4.61600  10.17880  -4.21850  -4.42450 : 0
  4.24780   7.69560  -2.76960  -1.07670 : 0
  4.02150  -2.70040   2.49570   0.36636 : 0
  5.02970  -4.97040   3.50250  -0.23751 : 0
  1.59020   2.29480   3.24030   0.18404 : 0
  2.12740   5.19390  -1.79710  -1.17630 : 0
  1.18110   8.38470  -2.05670  -0.90345 : 0
  0.32920  -4.45520   4.57180  -0.98880 : 0
  5.73530   5.28080  -2.25980   0.07542 : 0
  2.67180   5.65740   0.72974  -1.48920 : 0
  1.57990  -4.70760   7.91860  -1.54870 : 0
  2.94990   2.24930   1.34580  -0.03708 : 0
  0.51950  -3.26330   3.08950  -0.98490 : 0
  3.73520   9.59110  -3.90320  -3.34870 : 0
 -1.73440   2.01750   7.76180   0.93532 : 0
  3.88400  10.02770  -3.92980  -4.08190 : 0
  3.52570   1.28290   1.92760   1.79910 : 0
  4.45490   2.49760   1.03130   0.96894 : 0
 -0.16108  -6.46240   8.35730  -1.52160 : 0
  4.21640   9.46070  -4.92880  -5.23660 : 0
  3.51520   6.82240  -0.67377  -0.46898 : 0
  1.69880   2.90940   2.90440   0.11033 : 0
  1.06070   2.45420   2.51880  -0.17027 : 0
  2.04210   1.24360   4.21710   0.90429 : 0
  3.55940   1.30780   1.29100   1.65560 : 0
  3.00090   5.81260  -2.23060  -0.66553 : 0
  3.92940   1.41120   1.80760   0.89782 : 0
  3.46670  -4.07240   4.28820   1.54180 : 0
  3.96600   3.92130   0.70574   0.33662 : 0
  1.01910   2.33000   4.93340   0.82929 : 0
  0.96414   5.61600   2.21380  -0.12501 : 0
  1.82050   6.75620   0.00999   0.39481 : 0
  4.99230   7.86530  -2.35150  -0.71984 : 0
 -1.18040  11.50930   0.15565  -6.81940 : 0
  4.03290   0.23175   0.89082   1.18230 : 0
  0.66018  10.38780  -1.40290  -3.91510 : 0
  3.59820   7.13070  -1.30350   0.21248 : 0
 -1.85840   7.88600  -1.66430  -1.83840 : 0
  4.09720   0.46972   1.66710   0.91593 : 0
  3.32990   0.91254   1.58060   0.39352 : 0
  3.10880   3.11220   0.80857   0.43360 : 0
 -4.28590   8.52340   3.13920  -0.91639 : 0
 -1.25280  10.20360   2.17870  -5.60380 : 0
  0.51950  -3.26330   3.08950  -0.98490 : 0
  0.32920  -4.45520   4.57180  -0.98880 : 0
  0.88872   5.34490   2.04500  -0.19355 : 0
  3.54580   9.37180  -4.03510  -3.95640 : 0
 -0.21661   8.03290   1.88480  -3.88530 : 0
  2.72060   9.08210  -3.31110  -0.96811 : 0
  3.20510   8.68890  -2.90330  -0.78190 : 0
  2.69170  10.81610  -3.30000  -4.28880 : 0
 -2.32420  11.51760   1.82310  -5.37500 : 0
  2.71610  -4.20060   4.19140   0.16981 : 0
  3.38480   3.26740   0.90967   0.25128 : 0
  1.74520   4.80280   2.08780   0.62627 : 0
  2.80500   0.57732   1.34240   1.21330 : 0
  5.78230   5.57880  -2.40890  -0.05648 : 0
  3.89990   1.73400   1.60110   0.96765 : 0
  3.51890   6.33200  -1.77910  -0.02027 : 0
  3.22940   7.73910  -0.37816  -2.54050 : 0
  3.49850   3.16390   0.22677  -0.16510 : 0
  2.19480   1.37810   1.15820   0.85774 : 0
  2.25260   9.96360  -3.17490  -2.99440 : 0
  4.15290  -3.93580   2.86330  -0.01769 : 0
  0.74307  11.17000  -1.38240  -4.07280 : 0
  1.91050   8.87100  -2.33860  -0.75604 : 0
 -1.50550   0.07035   6.86810  -0.50648 : 0
  0.58836  10.77270  -1.38840  -4.32760 : 0
  3.23030   7.83840  -3.53480  -1.21510 : 0
 -1.99220  11.65420   2.65420  -5.21070 : 0
  2.85230   9.00960  -3.76100  -3.33710 : 0
  4.27720   2.49550   0.48554   0.36119 : 0
  1.50990   0.03931   6.23320  -0.30346 : 0
  5.41880  10.14570  -4.08400  -3.69910 : 0
  0.86202   2.69630   4.29080   0.54739 : 0
  3.81170  10.14570  -4.04630  -4.56290 : 0
  0.54777  10.37540  -1.54350  -4.16330 : 0
  2.37180   7.49080   0.01599  -1.74140 : 0
 -2.49530  11.14720   1.93530  -3.46380 : 0
  4.63610  -2.66110   2.83580   1.19910 : 0
 -2.25270  11.53210   2.58990  -3.27370 : 0
  3.79820  10.42300  -4.16020  -4.97280 : 0
 -0.36279   8.28950  -1.92130  -3.33320 : 0
  2.12650   6.87830   0.44784  -2.22240 : 0
  0.86736   5.56430   1.67650  -0.16769 : 0
  3.78310  10.05260  -3.88690  -3.73660 : 0
 -2.26230  12.11770   0.28846  -7.75810 : 0
  1.26160   4.43030  -1.33350  -1.75170 : 0
  2.67990   3.13490   0.34073   0.58489 : 0
 -0.39816   5.97810   1.39120  -1.16210 : 0
  4.39370   0.35798   2.04160   1.20040 : 0
  2.96950   5.62220   0.27561  -1.15560 : 0
  1.30490  -0.15521   6.49110  -0.75346 : 0
  2.21230  -5.83950   7.76870  -0.85302 : 0
  1.96470   6.93830   0.57722   0.66377 : 0
  3.08640  -2.58450   2.23090   0.30947 : 0
  0.37980   0.70980   0.75720  -0.44440 : 0
  0.58982   7.42660   1.23530  -2.95950 : 0
  0.14783   7.94600   1.07420  -3.34090 : 0
 -0.06202   6.19750   1.09900  -1.13100 : 0
  4.22300   1.13190   0.72202   0.96118 : 0
  0.64295   7.10180   0.34930  -0.41337 : 0
  1.94100   0.46351   4.64720   1.08790 : 0
  4.00470   0.45937   1.36210   1.61810 : 0
  3.77670   9.77940  -3.90750  -3.53230 : 0
  3.47690  -0.15314   2.53000   2.44950 : 0
  1.98180   9.26210  -3.52100  -1.87200 : 0
  3.80230  -3.86960   4.04400   0.95343 : 0
  4.34830  11.10790  -4.08570  -4.25390 : 0
  1.15180   1.38640   5.27270  -0.43536 : 0
 -1.25760   1.58920   7.00780   0.42455 : 0
  1.95720  -5.11530   8.61270  -1.42970 : 0
 -2.48400  12.16110   2.82040  -3.74180 : 0
 -1.14970   1.29540   7.70100   0.62627 : 0
  4.83680  10.01320  -4.32390  -4.32760 : 0
 -0.12196   8.80680   0.94566  -4.22670 : 0
  1.94290   6.39610   0.09225   0.58102 : 0
  1.74200  -4.80900   8.21420  -2.06590 : 0
 -1.52220  10.84090   2.78270  -4.09740 : 0
 -1.30000  10.26780  -2.95300  -5.86380 : 0
  3.42460  -0.14693   0.80342   0.29136 : 0
  2.55030  -4.95180   6.37290  -0.41596 : 0
  1.56910   6.34650  -0.18280  -2.40990 : 0
  1.30870   4.92280   2.00130   0.22024 : 0
  5.17760   8.23160  -3.25110  -1.56940 : 0
  2.22900   9.63250  -3.11230  -2.71640 : 0
  5.62720  10.08570  -4.29310  -3.81420 : 0
  1.21380   8.79860  -2.16720  -0.74182 : 0
  0.37980   0.70980   0.75720  -0.44440 : 0
  0.54150   6.03190   1.68250  -0.46122 : 0
  4.05240   5.68020  -1.96930   0.02628 : 0
  4.72850   2.10650  -0.28305   1.56250 : 0
  3.43590   0.66216   2.10410   1.89220 : 0
  0.86816  10.24290  -1.49120  -4.00820 : 0
  3.35900   9.80220  -3.82090  -3.71330 : 0
  3.67020   2.99420   0.85141   0.30688 : 0
  1.33490   6.11890   0.46497   0.49826 : 0
  3.18870  -3.41430   2.77420  -0.20260 : 0
  2.45270   2.96530   0.20021  -0.05648 : 0
  3.91210   2.97350   0.92852   0.60558 : 0
  3.93640  10.58850  -3.72500  -4.31330 : 0
  3.94140  -3.29020   3.16740   1.08660 : 0
  3.69220  -3.95850   4.34390   1.35170 : 0
  5.68100   7.79500  -2.68480  -0.92544 : 0
  0.77124   9.08620  -1.22810  -1.49960 : 0
  3.57610   9.77530  -3.97950  -3.46380 : 0
  1.60200   6.12510   0.52924   0.47886 : 0
  2.66820  10.21600  -3.44140  -4.00690 : 0
  2.00070   1.86440   2.64910   0.47369 : 0
  0.64215   3.12870   4.29330   0.64696 : 0
  4.38480  -3.07290   3.04230   1.27410 : 0
  0.77445   9.05520  -2.40890  -1.38840 : 0
  0.96574   8.39300  -1.36100  -1.46590 : 0
  3.09480   8.73240  -2.90070  -0.96682 : 0
  4.93620   7.60460  -2.34290  -0.85302 : 0
 -1.94580  11.22170   1.90790  -3.44050 : 0
  5.74030  -0.44284   0.38015   1.37630 : 0
 -2.69890  12.19840   0.67661  -8.54820 : 0
  1.14720   3.59850   1.93870  -0.43406 : 0
  2.97420   8.96000  -2.90240  -1.03790 : 0
  4.57070   7.20940  -3.27940  -1.49440 : 0
  0.18480   6.50790   2.01330  -0.87242 : 0
  0.87256   9.29310  -0.78430  -2.19780 : 0
  0.39559   6.88660   1.05880  -0.67587 : 0
  3.83840   6.18510  -2.04390  -0.03320 : 0
  2.82090   7.31080  -0.81857  -1.87840 : 0
  2.58170   9.75460  -3.17490  -2.99570 : 0
  3.82130   0.23175   2.01330   2.05640 : 0
  0.37980   0.70980   0.75720  -0.44440 : 0
  3.48930   6.69000  -1.20420  -0.38751 : 0
 -1.77810   0.85460   7.13030   0.02757 : 0
  2.09620   2.47690   1.93790  -0.04096 : 0
  0.94732  -0.57113   7.19030  -0.67587 : 0
  2.82610   9.40070  -3.30340  -1.05090 : 0
  0.00712   8.36610   0.50781  -3.81550 : 0
  0.96788   7.19070   1.27980  -2.45650 : 0
  4.74320   2.10860   0.13680   1.65430 : 0
  3.65750   7.27970  -2.26920  -1.14400 : 0
  3.88320   6.40230  -2.43200  -0.98363 : 0
  3.47760   8.81100  -3.18860  -0.92285 : 0
  1.13150   7.92120   1.09300  -2.84440 : 0
  2.82370   2.85970   0.19678   0.57196 : 0
  1.93210   6.04230   0.26019  -2.05300 : 0
  3.06320  -3.33150   5.13050   0.82670 : 0
 -1.84110  10.83060   2.76900  -3.09010 : 0
  2.80840  11.30450  -3.33940  -4.41940 : 0
  2.56980  -4.40760   5.98560   0.07800 : 0
 -0.12624  10.32160  -3.71210  -6.11850 : 0
  3.37560  -4.09510   4.36700   1.06980 : 0
 -0.04801  -1.60370   8.47560   0.75558 : 0
  0.57060  -0.02480   1.24210  -0.56210 : 0
  0.88444   6.59060   0.55837  -0.44182 : 0
  3.86440   3.70610   0.70403   0.35214 : 0
  1.29990   2.57620   2.01070  -0.18967 : 0
  2.00510  -6.86380   8.13200  -0.24010 : 0
  4.92940   0.27727   0.20792   0.33662 : 0
  2.82970   6.34850  -0.73546  -0.58665 : 0
  2.56500   8.63300  -2.99410  -1.30820 : 0
  2.09300   8.30610   0.02284  -3.27240 : 0
  4.60140   5.62640  -2.12350   0.19309 : 0
  5.06170  -0.35799   0.44698   0.99868 : 0
 -0.29510   9.04890  -0.52725  -2.07890 : 0
  3.57700   2.40040   1.89080   0.73231 : 0
  3.94330   2.50170   1.52150   0.90300 : 0
  2.66480  10.75400  -3.39940  -4.16850 : 0
  5.93740   6.16640  -2.59050  -0.36553 : 0
  2.01530   1.84790   3.13750   0.42843 : 0
  5.87820   5.94090  -2.85440  -0.60863 : 0
 -2.39830  12.60600   2.94640  -5.78880 : 0
  1.76200   4.36820   2.13840   0.75429 : 0
  4.24060  -2.48520   1.60800   0.71550 : 0
  3.46690   6.87000  -1.05680  -0.73147 : 0
  3.18960   5.75260  -0.18537  -0.30087 : 0
  0.81356   9.15660  -2.14920  -4.18140 : 0
  0.52855   0.96427   4.02430  -1.04830 : 0
  2.13190  -2.04030   2.55740  -0.06165 : 0
  0.33111   4.57310   2.05700  -0.18967 : 0
  1.27460   8.81720  -1.53230  -1.79570 : 0
  2.20910   7.45560  -1.32840  -3.30210 : 0
  2.53280   7.52800  -0.41929  -2.64780 : 0
  3.62440   1.46090   1.35010   1.92840 : 0
 -1.38850  12.50260   0.69118  -7.54870 : 0
  5.72270   5.83120  -2.40970  -0.24527 : 0
  3.35830  10.35670  -3.73010  -3.69910 : 0
  2.52270   2.23690   2.72360   0.79438 : 0
  0.04530   6.73340   1.07080  -0.93320 : 0
  4.82780   7.75980  -2.44910  -1.22160 : 0
  1.94760  -4.77380   8.52700  -1.86680 : 0
  2.76590   0.66216   4.14940  -0.28406 : 0
 -0.10648  -0.76771   7.75750   0.64179 : 0
  0.72252  -0.05381   5.67030  -1.35090 : 0
  4.24750   1.48160  -0.48355   0.95343 : 0
  3.97720   0.33521   2.25660   2.16250 : 0
  3.66670   4.30200   0.55923   0.33791 : 0
  2.82320  10.85130  -3.14660  -3.97840 : 0
 -1.42170  11.65420  -0.05770  -7.10250 : 0
  4.24580   1.19810   0.66633   0.94696 : 0
  4.10380  -4.80690   3.34910  -0.49225 : 0
  1.45070   8.79030  -2.23240  -0.65259 : 0
  3.46470  -3.91720   3.97460   0.36119 : 0
  1.85330   6.14580   1.01760  -2.04010 : 0
  3.52880   0.71596   1.95070   1.93750 : 0
  3.97190   1.03670   0.75973   1.00130 : 0
  3.53400   9.36140  -3.63160  -1.24610 : 0
  3.68940   9.88700  -4.07880  -4.36640 : 0
  3.06720  -4.41170   3.82380  -0.81682 : 0
  2.64630  -4.81520   6.35490   0.00300 : 0
  2.28930   3.73300   0.63120  -0.39786 : 0
  1.56730   7.92740  -0.05684  -2.16940 : 0
  4.04050   0.51524   1.02790   1.10600 : 0
  4.38460  -4.87940   3.36620  -0.02932 : 0
  2.01650  -0.25246   5.17070   1.07630 : 0
  4.04460  11.17410  -4.35820  -4.74010 : 0
 -0.33729  -0.64976   7.66590   0.72326 : 0
 -2.46040  12.73020   0.91738  -7.64180 : 0
  4.11950  10.92580  -3.89290  -4.18020 : 0
  2.01930   0.82356   4.63690   1.42020 : 0
  1.57010   7.91290   0.29018  -2.19530 : 0
  2.64150   7.58600  -0.28562  -1.66770 : 0
  5.02140   8.07640  -3.05150  -1.71550 : 0
  4.34350   3.32950   0.83598   0.64955 : 0
  1.82380  -6.77480   8.38730  -0.54139 : 0
  3.93820   0.92910   0.78543   0.67670 : 0
  2.25170  -5.14220   4.29160  -1.24870 : 0
  5.50400  10.36710  -4.41300  -4.02110 : 0
  2.85210   9.17100  -3.64610  -1.20470 : 0
  1.16760   9.15660  -2.08670  -0.80647 : 0
  2.61040   8.00810  -0.23592  -1.76080 : 0
  0.32444  10.06700  -1.19820  -4.12840 : 0
  3.89620  -4.79040   3.39540  -0.53751 : 0
  2.17520  -0.80910   5.10220  -0.67975 : 0
  1.15880   8.93310  -2.08070  -1.12720 : 0
  4.70720   8.29570  -2.56050  -1.49050 : 0
 -1.96670  11.80520  -0.40472  -7.87190 : 0
  4.05520   0.40143   1.45630   0.65343 : 0
  2.36780  -6.83900   8.42070  -0.44829 : 0
  0.33565   6.83690   0.69718  -0.55691 : 0
  4.33980  -5.30360   3.88030  -0.70432 : 0
  1.54560   8.54820   0.41870  -2.17840 : 0
  1.42760   8.38470  -2.09950  -1.96770 : 0
 -0.27802   8.18810  -3.13380  -2.52760 : 0
  0.93611   8.64130  -1.63510  -1.30430 : 0
  4.63520  -3.00870   2.67730   1.21200 : 0
  1.52680  -5.58710   8.65640  -1.72200 : 0
  0.95626   2.47280   4.45780   0.21636 : 0
 -2.79140   1.77340   6.77560  -0.39915 : 0
  5.20320   3.51160  -1.25380   1.01290 : 0
  3.18360   7.23210  -1.07130  -2.59090 : 0
  0.65497   5.18150   1.06730  -0.42113 : 0
  5.60840  10.30090  -4.80030  -4.35340 : 0
  1.10500   7.44320   0.41099  -3.03320 : 0
  3.92920  -2.91560   2.21290   0.30817 : 0
  1.15580   6.40030   1.55060   0.69610 : 0
  2.55810   2.62180   1.85130   0.40257 : 0
  2.78310  10.97960  -3.55700  -4.40390 : 0
  3.76350   2.78110   0.66119   0.34179 : 0
 -2.64790  10.13740  -1.33100  -5.47070 : 0
  1.06520   8.36820  -1.40040  -1.65090 : 0
 -1.42750  11.87970   0.41613  -6.99780 : 0
  5.74560  10.18080  -4.78570  -4.33660 : 0
  5.08600   3.27980  -1.27010   1.11890 : 0
  3.40920   5.40490  -2.52280  -0.89958 : 0
 -0.23610   9.32210   2.13070  -4.37930 : 0
  3.81970   8.99510  -4.38300  -4.03270 : 0
 -1.13910   1.81270   6.91440   0.70127 : 0
  4.92490   0.68906   0.77344   1.20950 : 0
  2.50890   6.84100  -0.02942   0.44912 : 0
 -0.20620   9.22070  -3.70440  -6.81030 : 0
  3.94600   6.85140  -1.54430  -0.55820 : 0
 -0.27800   8.18810  -3.13380  -2.52760 : 0
  1.85920   3.20740  -0.15966  -0.26208 : 0
  0.56953   7.62940   1.57540  -3.22330 : 0
  3.46260  -4.44900   3.54270   0.15429 : 0
  3.39510   1.14840   2.14010   2.08620 : 0
  5.04290  -0.52974   0.50439   1.10600 : 0
  3.77580   7.17830  -1.51950   0.40128 : 0
  4.65620   7.63980  -2.42430  -1.23840 : 0
  4.09480  -2.96740   2.36890   0.75429 : 0
  1.83840   6.06300   0.54723   0.51248 : 0
  2.01530   0.43661   4.58640  -0.31510 : 0
  3.52510   0.72010   1.69280   0.64438 : 0
  3.75700  -5.42360   3.82550  -1.25260 : 0
  2.59890   3.51780   0.76230   0.81119 : 0
  1.89940   0.97462   4.22650   0.81377 : 0
  3.69410  -3.94820   4.26250   1.15770 : 0
  4.42950  -2.35070   1.70480   0.90946 : 0
  6.82480   5.21870  -2.54250   0.54610 : 0
  1.89670  -2.51630   2.80930  -0.79742 : 0
  2.15260  -6.16650   8.08310  -0.34355 : 0
  3.30040   7.08110  -1.32580   0.22283 : 0
  2.72130   7.05000  -0.58808   0.41809 : 0
  3.88460  -3.03360   2.53340   0.20214 : 0
  4.16650  -0.44490   0.23448   0.27843 : 0
  0.94225   5.85610   1.87620  -0.32544 : 0
  5.13210  -0.03105   0.32616   1.11510 : 0
  0.38251   6.81210   1.81280  -0.61251 : 0
  3.03330  -2.59280   2.31830   0.30300 : 0
  2.92330   6.04640  -0.11168  -0.58665 : 0
  1.16200  10.29260  -1.28210  -4.03920 : 0
  3.77910   2.57620   1.30980   0.56550 : 0
  0.77765   5.97810   1.19410  -0.35260 : 0
 -0.38388  -1.04710   8.05140   0.49567 : 0
  0.21084   9.43590  -0.09454  -1.85900 : 0
  2.95710  -4.59380   5.90680   0.57196 : 0
  4.64390  -3.37290   2.59760   0.55257 : 0
  3.35770  -4.30620   6.02410   0.18274 : 0
  3.51270   2.90730   1.05790   0.40774 : 0
  2.65620  10.70440  -3.30850  -4.07670 : 0
 -1.36120  10.69400   1.70220  -2.90260 : 0
 -0.27800   8.18810  -3.13380  -2.52760 : 0
  1.04000  -6.93210   8.28880  -1.29910 : 0
  2.18810   2.73560   1.32780  -0.18320 : 0
  4.27560  -2.65280   2.13750   0.94437 : 0
 -0.11996   6.87410   0.91995  -0.66940 : 0
  2.97360   8.79440  -3.63590  -1.37540 : 0
  3.77980  -3.31090   2.64910   0.06636 : 0
  5.35860   3.75570  -1.73450   1.07890 : 0
  1.83730   6.12920   0.84027   0.55257 : 0
  1.22620   0.89599   5.75680  -0.11596 : 0
 -0.04801  -0.56078   7.72150   0.45300 : 0
  0.57060  -0.02484   1.24210  -0.56208 : 0
  4.36340   0.46351   1.42810   2.02020 : 0
  3.48200  -4.16340   3.50080  -0.07846 : 0
  0.51947  -3.26330   3.08950  -0.98492 : 0
  2.31640  -2.62800   3.15290  -0.08622 : 0
 -1.83480  11.03340   3.18630  -4.88880 : 0
  1.37540   8.87930  -1.91360  -0.53751 : 0
 -0.16682   5.89740   0.49839  -0.70044 : 0
  0.29961   7.13280  -0.31475  -1.18280 : 0
  0.25035   9.32620  -3.68730  -6.25430 : 0
  2.46730   1.39260   1.71250   0.41421 : 0
  0.77805   6.64240  -1.14250  -1.05730 : 0
  3.44650   2.95080   1.02710   0.54610 : 0
  2.24290  -4.14270   5.23330  -0.40173 : 0
  3.73210  -3.88400   3.35770  -0.00605 : 0
  4.33650  -3.58400   3.68840   0.74912 : 0
 -2.07590  10.82230   2.64390  -4.83700 : 0
  4.07150   7.63980  -2.08240  -1.16980 : 0
  0.76163   5.82090   1.19590  -0.64613 : 0
 -0.53966   7.32730   0.46583  -1.45430 : 0
  2.62130   5.79190   0.06569  -1.57590 : 0
  3.02420  -3.33780   2.58650  -0.54785 : 0
  5.85190   5.39050  -2.40370  -0.06165 : 0
  0.57060  -0.02480   1.24210  -0.56210 : 0
  3.97710  11.15130  -3.92720  -4.34440 : 0
  1.54780   9.18140  -1.63260  -1.73750 : 0
  0.74054   0.36625   2.19920   0.48403 : 0
  0.49571  10.22430  -1.09700  -4.01590 : 0
  1.64500   7.86120  -0.87598  -3.55690 : 0
  3.60770   6.85760  -1.16220   0.28231 : 0
  3.24030  -3.70820   5.28040   0.41291 : 0
  3.91660  10.24910  -4.09260  -4.46590 : 0
  3.92620   6.02990  -2.01560  -0.06553 : 0
  5.59100  10.46430  -4.38390  -4.33790 : 0
  3.75220  -3.69780   3.99430   1.30510 : 0
  1.31140   4.54620   2.29350   0.22541 : 0
  3.70220   6.99420  -1.85110  -0.12889 : 0
  4.36400  -3.10390   2.37570   0.78532 : 0
  3.58290   1.44230   1.02190   1.40080 : 0
  4.65000  -4.82970   3.45530  -0.25174 : 0
  5.17310   3.96060  -1.98300   0.40774 : 0
  3.26920   3.41840   0.20706  -0.06682 : 0
  2.40120   1.62230   3.03120   0.71679 : 0
  1.72570  -4.46970   8.22190  -1.80730 : 0
  4.79650   6.98590  -1.99670  -0.35001 : 0
  4.09620  10.18910  -3.93230  -4.18270 : 0
  2.55590   3.36050   2.03210   0.26809 : 0
  3.49160   8.57090  -3.03260  -0.59182 : 0
  0.51950  -3.26330   3.08950  -0.98490 : 0
  2.98560   7.26730  -0.40900  -2.24310 : 0
  4.09320   5.41320  -1.82190   0.23576 : 0
  1.77480  -0.76978   5.58540   1.30390 : 0
  5.20120   0.32694   0.17965   1.17970 : 0
 -0.45062  -1.36780   7.08580  -0.40303 : 0
  4.84510   8.11160  -2.95120  -1.47240 : 0
  0.74841   7.27560   1.15040  -0.53880 : 0
  5.12130   8.55650  -3.39170  -1.54740 : 0
  3.61810  -3.74540   2.82730  -0.71208 : 0
  0.04050   8.52340   1.44610  -3.93060 : 0
 -2.64790  10.13740  -1.33100  -5.47070 : 0
  0.37984   0.70975   0.75716  -0.44441 : 0
 -0.95923   0.09104   6.22040  -1.48280 : 0
  2.86720  10.00080  -3.20490  -3.10950 : 0
  1.01820   9.10900  -0.62064  -1.71290 : 0
 -2.71430  11.45350   2.10920  -3.96290 : 0
  3.82440  -3.10810   2.45370   0.52024 : 0
  2.79610   2.12100   1.83850   0.38317 : 0
  3.53580   6.70860  -0.81857   0.47886 : 0
 -0.70560   8.72410   2.22150  -4.59650 : 0
  4.15420   7.27560  -2.47660  -1.20990 : 0
  0.92703   9.43180  -0.66263  -1.67280 : 0
  1.82160  -6.47480   8.05140  -0.41855 : 0
 -2.44730  12.62470   0.73573  -7.66120 : 0
  3.58620  -3.09570   2.80930   0.24481 : 0
  0.66191   9.65940  -0.28819  -1.66380 : 0
  4.79260   1.70710  -0.05170   1.49260 : 0
  4.98520   8.35160  -2.54250  -1.28230 : 0
  0.75736   3.02940   2.91640  -0.06812 : 0
  4.64990   7.63360  -1.94270  -0.37458 : 0
 -0.02358   7.17420   0.78457  -0.75734 : 0
  0.85574   0.00827   6.60420  -0.53104 : 0
  0.88298   0.66009   6.00960  -0.43277 : 0
  4.04220  -4.39100   4.74660   1.13700 : 0
  2.25460   8.09920  -0.24877  -3.26980 : 0
  0.38478   6.59890  -0.33360  -0.56466 : 0
  3.15410  -5.17110   6.59910   0.57455 : 0
  2.39690   0.23589   4.84770   1.43700 : 0
  4.71140   2.07550  -0.27020   1.23790 : 0
  4.01270  10.14770  -3.93660  -4.07280 : 0
  2.66060   3.16810   1.96190   0.18662 : 0
  3.93100   1.85410  -0.02343   1.23140 : 0
  0.01727   8.69300   1.39890  -3.96680 : 0
  3.24140   0.40971   1.40150   1.19520 : 0
  2.25040   3.57570   0.35273   0.28360 : 0
 -1.39710   3.31910  -1.39270  -1.99480 : 1
  0.39012  -0.14279  -0.03199   0.35084 : 1
 -1.66770  -7.15350   7.89290   0.96765 : 1
 -3.84830 -12.80470  15.68240  -1.28100 : 1
 -3.56810  -8.21300  10.08300   0.96765 : 1
 -2.28040  -0.30626   1.33470   1.37630 : 1
 -1.75820   2.73970  -2.53230  -2.23400 : 1
 -0.89409   3.19910  -1.82190  -2.94520 : 1
  0.34340   0.12415  -0.28733   0.14654 : 1
 -0.98540  -6.66100   5.82450   0.54610 : 1
 -2.41150  -9.13590   9.34440  -0.65259 : 1
 -1.52520  -6.25340   5.35240   0.59912 : 1
 -0.61442  -0.09106  -0.31818   0.50214 : 1
 -0.36506   2.89280  -3.64610  -3.06030 : 1
 -5.90340   6.56790   0.67661  -6.67970 : 1
 -1.82150   2.75210  -0.72261  -2.35300 : 1
 -0.77461  -1.87680   2.40230   1.13190 : 1
 -1.81870  -9.03660   9.01620  -0.12243 : 1
 -3.58010 -12.93090  13.17790  -2.56770 : 1
 -1.82190  -6.88240   5.46810   0.05731 : 1
 -0.34810  -0.38696  -0.47841   0.62627 : 1
  0.47368   3.36050  -4.50640  -4.04310 : 1
 -3.40830   4.85870  -0.76888  -4.86680 : 1
 -1.66620  -0.30005   1.42380   0.02499 : 1
 -2.09620  -7.10590   6.61880  -0.33708 : 1
 -2.66850 -10.45190   9.11390  -1.73230 : 1
 -0.47465  -4.34960   1.99010   0.75170 : 1
  1.05520   1.18570  -2.64110   0.11033 : 1
  1.16440   3.80950  -4.94080  -4.09090 : 1
 -4.47790   7.37080  -0.31218  -6.77540 : 1
 -2.73380   0.45523   2.43910   0.21766 : 1
 -2.28600  -5.44840   5.80390   0.88231 : 1
 -1.62440  -6.34440   4.65750   0.16981 : 1
  0.50813   0.47799  -1.98040   0.57714 : 1
  1.64080   4.25030  -4.90230  -2.66210 : 1
  0.81583   4.84000  -5.26130  -6.08230 : 1
 -5.49010   9.10480  -0.38758  -5.97630 : 1
 -3.22380   2.79350   0.32274  -0.86078 : 1
 -2.06310  -1.51470   1.21900   0.44524 : 1
 -0.91318  -2.01130  -0.19565   0.06636 : 1
  0.60050   1.93270  -3.28880  -0.32415 : 1
  0.91315   3.33770  -4.05570  -1.67410 : 1
 -0.28015   3.07290  -3.38570  -2.91550 : 1
 -3.60850   3.32530  -0.51954  -3.57370 : 1
 -6.20030   8.68060   0.00913  -3.70300 : 1
 -4.29320   3.34190   0.77258  -0.99785 : 1
 -3.02650  -0.06209   0.68604  -0.05519 : 1
 -1.70150  -0.01036  -0.99337  -0.53104 : 1
 -0.64326   2.47480  -2.94520  -1.02760 : 1
 -0.86339   1.93480  -2.37290  -1.08970 : 1
 -2.06590   1.05120  -0.46298  -1.09740 : 1
 -2.13330   1.56850  -0.08426  -1.74530 : 1
 -1.25680  -1.47330   2.87180   0.44653 : 1
 -3.11280  -6.84100  10.74020  -1.01720 : 1
 -4.85540  -5.90370  10.98180  -0.82199 : 1
 -2.58800   3.86540  -0.33360  -1.27970 : 1
  0.24394   1.47330  -1.41920  -0.58535 : 1
 -1.53220  -5.09660   6.67790   0.17498 : 1
 -4.00250 -13.49790  17.67720  -3.32020 : 1
 -4.01730  -8.31230  12.45470  -1.43750 : 1
 -3.07310  -0.53181   2.38770   0.77627 : 1
 -1.97900   3.23010  -1.35750  -2.58190 : 1
 -0.42940  -0.14693   0.04426  -0.15605 : 1
 -2.23400  -7.03140   7.49360   0.61334 : 1
 -4.21100 -12.47360  14.97040  -1.38840 : 1
 -3.80730  -8.09710  10.17720   0.65084 : 1
 -2.59120  -0.10554   1.27980   1.04140 : 1
 -2.24820   3.09150  -2.39690  -2.67110 : 1
 -1.44270   3.29220  -1.97020  -3.43920 : 1
 -0.39416  -0.02070  -0.06627  -0.44699 : 1
 -1.52200  -6.63830   5.74910  -0.10691 : 1
 -2.82670  -9.04070   9.06940  -0.98233 : 1
 -1.72630  -6.02370   5.24190   0.29524 : 1
 -0.94255   0.03931  -0.24192   0.31593 : 1
 -0.89569   3.00250  -3.60670  -3.44570 : 1
 -6.28150   6.66510   0.52581  -7.01070 : 1
 -2.32110   3.16600  -1.00020  -2.71510 : 1
 -1.34140  -2.07760   2.80930   0.60688 : 1
 -2.25800  -9.32630   9.37270  -0.85949 : 1
 -3.88580 -12.84610  12.79570  -3.13530 : 1
 -1.89690  -6.78930   5.27610  -0.32544 : 1
 -0.52645  -0.24832  -0.45613   0.41938 : 1
  0.00966   3.56120  -4.40700  -4.41030 : 1
 -3.88260   4.89800  -0.92311  -5.08010 : 1
 -2.14050  -0.16762   1.32100  -0.20906 : 1
 -2.48240  -7.30460   6.83900  -0.59053 : 1
 -2.90980 -10.07120   8.41560  -1.99480 : 1
 -0.60975  -4.00200   1.84710   0.60170 : 1
  0.83625   1.10710  -2.47060  -0.06295 : 1
  0.60731   3.95440  -4.77200  -4.48530 : 1
 -4.88610   7.05420  -0.17252  -6.95900 : 1
 -3.13660   0.42212   2.62250  -0.06424 : 1
 -2.57540  -5.65740   6.10300   0.65214 : 1
 -1.87820  -6.58650   4.84860  -0.02157 : 1
  0.24261   0.57318  -1.94020   0.44007 : 1
  1.29600   4.28550  -4.84570  -2.90130 : 1
  0.25943   5.00970  -5.03940  -6.38620 : 1
 -5.87300   9.17520  -0.27448  -6.04220 : 1
 -3.46050   2.69010   0.16165  -1.02240 : 1
 -2.37970  -1.44020   1.12730   0.16076 : 1
 -1.24240  -1.71750  -0.52553  -0.21036 : 1
  0.20216   1.91820  -3.28280  -0.61768 : 1
  0.59823   3.50120  -3.97950  -1.78410 : 1
 -0.77995   3.23220  -3.28200  -3.10040 : 1
 -4.14090   3.46190  -0.47841  -3.88790 : 1
 -6.50840   8.76960   0.23191  -3.93700 : 1
 -4.49960   3.42880   0.56265  -1.16720 : 1
 -3.31250   0.10139   0.55323  -0.29570 : 1
 -1.94230   0.37660  -1.28980  -0.82458 : 1
 -0.75793   2.53490  -3.04640  -1.26290 : 1
 -0.95403   1.98240  -2.31630  -1.19570 : 1
 -2.21730   1.46710  -0.72689  -1.17240 : 1
 -2.79900   1.96790  -0.42357  -2.11250 : 1
 -1.86290  -0.84841   2.53770   0.09740 : 1
 -3.59160  -6.22850  10.23890  -1.15430 : 1
 -5.12160  -5.31180  10.38460  -1.06120 : 1
 -3.28540   4.03720  -0.45356  -1.82280 : 1
 -0.56877   1.41740  -1.42520  -1.12460 : 1
 -2.35180  -4.83590   6.64790  -0.06036 : 1
 -4.48610 -13.28890  17.30870  -3.21940 : 1
 -4.38760  -7.72670  11.96550  -1.45430 : 1
 -3.36040  -0.32696   2.13240   0.60170 : 1
 -1.01120   2.99840  -1.16640  -1.61850 : 1
  0.03022  -1.05120   1.40240   0.77369 : 1
 -1.65140  -8.49850   9.11220   1.23790 : 1
 -3.26920 -12.74060  15.55730  -0.14182 : 1
 -2.57010  -6.84520   8.99990   2.13530 : 1
 -1.30660   0.25244   0.76230   1.77580 : 1
 -1.66370   3.28810  -2.27010  -2.22240 : 1
 -0.55008   2.86590  -1.64880  -2.43190 : 1
  0.21431  -0.69529   0.87711   0.29653 : 1
 -0.77288  -7.44730   6.49200   0.36119 : 1
 -1.83910  -9.08830   9.24160  -0.10432 : 1
 -0.63298  -5.12770   4.56240   1.47970 : 1
  0.00405   0.62905  -0.64121   0.75817 : 1
 -0.28696   3.17840  -3.57670  -3.18960 : 1
 -5.24060   6.62580  -0.19908  -6.86070 : 1
 -1.44460   2.14380  -0.47241  -1.66770 : 1
 -0.65767  -2.80180   3.71150   0.99739 : 1
 -1.54490 -10.14980   9.61520  -1.23320 : 1
 -2.89570 -12.02050  11.91490  -2.75520 : 1
 -0.81479  -5.73810   4.39190   0.32110 : 1
  0.50225   0.65388  -1.17930   0.39998 : 1
  0.74521   3.63570  -4.40440  -4.14140 : 1
 -2.91460   4.05370  -0.45699  -4.03270 : 1
 -1.39070  -1.37810   2.30550  -0.02157 : 1
 -1.78600  -8.11570   7.08580  -1.21120 : 1
 -1.73220  -9.28280   7.71900  -1.71680 : 1
  0.55298  -3.46190   1.70480   1.10080 : 1
  2.03100   1.85200  -3.01210   0.00300 : 1
  1.22790   4.03090  -4.64350  -3.91250 : 1
 -4.22490   6.26990   0.15822  -5.54570 : 1
 -2.53460  -0.77392   3.36020   0.00171 : 1
 -1.74900  -6.33200   6.09870   0.14266 : 1
 -0.53900  -5.16700   3.43990   0.05214 : 1
  1.56310   0.89599  -1.97020   0.65472 : 1
  2.39170   4.55650  -4.98880  -2.89870 : 1
  0.89512   4.77380  -4.84310  -5.59090 : 1
 -5.48080   8.18190   0.27818  -5.03230 : 1
 -2.88330   1.77130   0.68946  -0.46380 : 1
 -1.41740  -2.25350   1.51800   0.61981 : 1
  0.42830  -0.94981  -1.07310   0.32110 : 1
  1.59040   2.21210  -3.11830  -0.11725 : 1
  1.74250   3.68330  -4.01290  -1.72070 : 1
 -0.23356   3.24050  -3.06690  -2.77840 : 1
 -3.62270   3.99580  -0.35845  -3.90470 : 1
 -6.15360   7.92950   0.61663  -3.26460 : 1
 -3.91720   2.66520   0.78886  -0.78190 : 1
 -2.22140  -0.23798   0.56008   0.05602 : 1
 -0.49241   0.89392  -1.62830  -0.56854 : 1
  0.26517   2.40660  -2.84160  -0.59958 : 1
 -0.10234   1.81890  -2.21690  -0.56725 : 1
 -1.61760   1.09260  -0.35502  -0.59958 : 1
 -1.84480   1.25400   0.27218  -1.07280 : 1
 -1.27860  -2.40870   4.57350   0.47627 : 1
 -2.90200  -7.65630  11.83180  -0.84268 : 1
 -4.37730  -5.51670  10.93900  -0.40820 : 1
 -2.05290   3.83850  -0.79544  -1.21380 : 1
  0.18868   0.70148  -0.51182   0.00559 : 1
 -1.72790  -6.84100   8.94940   0.68058 : 1
 -3.37930 -13.77310  17.92740  -2.03230 : 1
 -3.12730  -7.11210  11.38970  -0.08363 : 1
 -2.12100  -0.05588   1.94900   1.35300 : 1
 -1.76970   3.43290  -1.21440  -2.37890 : 1
 -0.00129   0.13863  -0.19651   0.00818 : 1
 -1.68200  -6.81210   7.13980   1.33230 : 1
 -3.49170 -12.17360  14.36890  -0.61639 : 1
 -3.11580  -8.62890  10.44030   0.97153 : 1
 -2.08910  -0.48422   1.70400   1.74350 : 1
 -1.69360   2.78520  -2.18350  -1.92760 : 1
 -1.28460   3.27150  -1.76710  -3.26080 : 1
 -0.09219   0.39315  -0.32846  -0.13794 : 1
 -1.02920  -6.38790   5.52550   0.79955 : 1
 -2.20830  -9.10690   8.99910  -0.28406 : 1
 -1.07440  -6.31130   5.35500   0.80472 : 1
 -0.51003  -0.23591   0.02027   0.76334 : 1
 -0.36372   3.04390  -3.48160  -2.78360 : 1
 -6.39790   6.44790   1.08360  -6.61760 : 1
 -2.25010   3.31290  -0.88369  -2.89740 : 1
 -1.18590  -1.25190   2.26350   0.77239 : 1
 -1.80760  -8.81310   8.70860  -0.21682 : 1
 -3.38630 -12.98890  13.05450  -2.72020 : 1
 -1.41060  -7.10800   5.64540   0.31335 : 1
 -0.21394  -0.68287   0.09653   1.19650 : 1
  0.48797   3.56740  -4.38820  -3.81160 : 1
 -3.81670   5.14010  -0.65063  -5.43060 : 1
 -1.95550   0.20692   1.24730  -0.37070 : 1
 -2.17860  -6.44790   6.03440  -0.20777 : 1
 -2.32990  -9.95320   8.47560  -1.87330 : 1
  0.00312  -4.00610   1.79560   0.91722 : 1
  1.35180   1.05950  -2.34370   0.39998 : 1
  1.23090   3.89230  -4.82770  -4.00690 : 1
 -5.03010   7.50320  -0.13396  -7.50340 : 1
 -3.07990   0.60836   2.70390  -0.23751 : 1
 -2.29870  -5.22700   5.63000   0.91722 : 1
 -1.23900  -6.54100   4.81510  -0.03320 : 1
  0.75896   0.29176  -1.65060   0.83834 : 1
  1.67990   4.20680  -4.53980  -2.39310 : 1
  0.63655   5.20220  -5.21590  -6.12110 : 1
 -6.05980   9.29520  -0.43642  -6.36940 : 1
 -3.51800   2.87630   0.15480  -1.20860 : 1
 -2.03360  -1.40920   1.15820   0.36507 : 1
 -0.69745  -1.76720  -0.34474  -0.12372 : 1
  0.75108   1.91610  -3.10980  -0.20518 : 1
  0.84546   3.48260  -3.63070  -1.39610 : 1
 -0.55648   3.21360  -3.30850  -2.79650 : 1
 -3.68170   3.22390  -0.69347  -3.40040 : 1
 -6.75260   8.81720  -0.06198  -3.72500 : 1
 -4.57700   3.45150   0.66719  -0.94742 : 1
 -2.98830   0.31245   0.45041   0.06895 : 1
 -1.47810   0.14277  -1.16220  -0.48579 : 1
 -0.46651   2.33830  -2.98120  -1.04310 : 1
 -0.87340   1.65330  -2.19640  -0.78061 : 1
 -2.12340   1.18150  -0.55552  -0.81165 : 1
 -2.31420   2.08380  -0.46813  -1.67670 : 1
 -1.42330  -0.98912   2.35860   0.39481 : 1
 -3.08660  -6.63620  10.54050  -0.89182 : 1
 -4.73310  -6.17890  11.38800  -1.07410 : 1
 -2.88290   3.89640  -0.18880  -1.16720 : 1
 -0.03613   1.52500  -1.40890  -0.76121 : 1
 -1.71040  -4.77800   6.21090   0.39740 : 1
 -3.82030 -13.05510  16.95830  -2.30520 : 1
 -3.71810  -8.50890  12.36300  -0.95518 : 1
 -2.89900  -0.60424   2.60450   1.37760 : 1
 -0.98193   2.79560  -1.23410  -1.56680 : 1
 -0.17296  -1.18160   1.38180   0.73360 : 1
 -1.94090  -8.68480   9.15500   0.94049 : 1
 -3.57130 -12.49220  14.88810  -0.47027 : 1
 -2.99150  -6.62580   8.65210   1.81980 : 1
 -1.84830   0.31038   0.77344   1.41890 : 1
 -2.26770   3.29640  -2.25630  -2.46420 : 1
 -0.50816   2.86800  -1.81080  -2.26120 : 1
  0.14329  -1.08850   1.00390   0.48791 : 1
 -0.90784  -7.90260   6.78070   0.34179 : 1
 -2.00420  -9.36760   9.33330  -0.10303 : 1
 -0.93587  -5.10080   4.53670   1.38660 : 1
 -0.40804   0.54214  -0.52725   0.65860 : 1
 -0.81720   3.38120  -3.66840  -3.45600 : 1
 -4.83920   6.67550  -0.24278  -6.57750 : 1
 -1.27920   2.13760  -0.47584  -1.39740 : 1
 -0.66008  -3.22600   3.80580   1.18360 : 1
 -1.77130 -10.76650  10.21840  -1.00430 : 1
 -3.00610 -12.23770  11.95520  -2.16030 : 1
 -1.10220  -5.83950   4.56410   0.68705 : 1
  0.11806   0.39108  -0.98223   0.42843 : 1
  0.11686   3.73500  -4.43790  -4.37410 : 1
 -2.72640   3.92130  -0.49212  -3.63710 : 1
 -1.23690  -1.69060   2.51800   0.51636 : 1
 -1.84390  -8.64750   7.67960  -0.66682 : 1
 -1.85540  -9.60350   7.77640  -0.97716 : 1
  0.16358  -3.35840   1.37490   1.35690 : 1
  1.50770   1.95960  -3.05840  -0.12243 : 1
  0.67886   4.11990  -4.56900  -4.14140 : 1
 -3.99340   5.83330   0.54723  -4.93790 : 1
 -2.38980  -0.78427   3.01410   0.76205 : 1
 -1.79760  -6.76860   6.67530   0.89912 : 1
 -0.70867  -5.56020   4.04830   0.90300 : 1
  1.01940   1.10290  -2.30000   0.59395 : 1
  1.78750   4.78000  -5.13620  -3.23620 : 1
  0.27331   4.87730  -4.91940  -5.81980 : 1
 -5.16610   8.04330   0.04426  -4.49830 : 1
 -2.70280   1.63270   0.83598  -0.09139 : 1
 -1.49040  -2.21830   1.60540   0.89394 : 1
 -0.01490  -1.02430  -0.94024   0.64955 : 1
  0.88992   2.26380  -3.10460  -0.11855 : 1
  1.06370   3.69570  -4.15940  -1.93790 : 1
 -0.84710   3.13290  -3.01120  -2.93880 : 1
 -3.95940   4.02890  -0.35845  -3.89570 : 1
 -5.88180   7.65840   0.55580  -2.91550 : 1
 -3.77470   2.51620   0.83341  -0.30993 : 1
 -2.41980  -0.24418   0.70146   0.41809 : 1
 -0.83535   0.80494  -1.64110  -0.19225 : 1
 -0.30432   2.65280  -2.77560  -0.65647 : 1
 -0.60254   1.72370  -2.15010  -0.77027 : 1
 -2.10590   1.18150  -0.53324  -0.82716 : 1
 -2.04410   1.22710   0.18564  -1.09100 : 1
 -1.56210  -2.21210   4.25910   0.27972 : 1
 -3.23050  -7.21350  11.64330  -0.94613 : 1
 -4.84260  -4.99320  10.40520  -0.53104 : 1
 -2.31470   3.66680  -0.69690  -1.24740 : 1
 -0.11716   0.60422  -0.38587  -0.05906 : 1
 -2.00660  -6.71900   9.01620   0.09999 : 1
 -3.69610 -13.67790  17.57950  -2.61810 : 1
 -3.60120  -6.53890  10.52340  -0.48967 : 1
 -2.62860   0.18002   1.79560   0.97282 : 1
 -0.82601   2.96110  -1.28640  -1.46470 : 1
  0.31803  -0.99326   1.09470   0.88619 : 1
 -1.44540  -8.43850   8.84830   0.96894 : 1
 -3.14230 -13.03650  15.67730  -0.66165 : 1
 -2.53730  -6.95900   8.80540   1.52890 : 1
 -1.36600   0.18416   0.90539   1.58060 : 1
 -1.70640   3.30880  -2.28290  -2.19780 : 1
 -0.41965   2.90940  -1.78590  -2.20690 : 1
  0.37637  -0.82358   0.78543   0.74524 : 1
 -0.55355  -7.92330   6.71560   0.74394 : 1
 -1.60010  -9.58280   9.40440   0.08188 : 1
 -0.37013  -5.55400   4.77490   1.54700 : 1
  0.12126   0.22347  -0.47327   0.97024 : 1
 -0.27068   3.26740  -3.55620  -3.08880 : 1
 -5.11900   6.64860  -0.04999  -6.52060 : 1
 -1.39460   2.31340  -0.44499  -1.49050 : 1
 -0.69879  -3.37710   4.12110   1.50430 : 1
 -1.48000 -10.52440   9.91760  -0.50260 : 1
 -2.66490 -12.81300  12.66890  -1.90820 : 1
 -0.62684  -6.30100   4.78430   1.10600 : 1
  0.51800   0.25865  -0.84085   0.96118 : 1
  0.64376   3.76400  -4.47380  -4.04830 : 1
 -2.98210   4.19860  -0.58980  -3.96420 : 1
 -1.46280  -1.57060   2.43570   0.49826 : 1
 -1.71010  -8.79030   7.97350  -0.45475 : 1
 -1.55720  -9.88080   8.10880  -1.08060 : 1
  0.74428  -3.77230   1.61310   1.57540 : 1
  2.01770   1.79820  -2.95810   0.20990 : 1
  1.16400   3.91300  -4.55440  -3.86720 : 1
 -4.36670   6.06920   0.57208  -5.46680 : 1
 -2.59190  -1.05530   3.89490   0.77757 : 1
 -1.80460  -6.81410   6.70190   1.16810 : 1
 -0.71868  -5.71540   3.82980   1.02330 : 1
  1.43780   0.66837  -2.02670   1.02710 : 1
  2.19430   4.55030  -4.97600  -2.72540 : 1
  0.73760   4.85250  -4.79860  -5.66590 : 1
 -5.63700   8.12610   0.13081  -5.01420 : 1
 -3.01930   1.77750   0.73745  -0.45346 : 1
 -1.67060  -2.09000   1.58400   0.71162 : 1
 -0.12690  -1.15050  -0.95138   0.57843 : 1
  1.21980   2.09820  -3.19540   0.12843 : 1
  1.45010   3.60670  -4.05570  -1.59660 : 1
 -0.40857   3.09770  -2.96070  -2.68920 : 1
 -3.89520   3.81570  -0.31304  -3.81940 : 1
 -6.36790   8.01020   0.42470  -3.22070 : 1
 -4.14290   2.77490   0.68261  -0.71984 : 1
 -2.68640  -0.09727   0.61663   0.06119 : 1
 -1.05550   0.79459  -1.69680  -0.46768 : 1
 -0.29858   2.47690  -2.95120  -0.66165 : 1
 -0.49948   1.77340  -2.24690  -0.68104 : 1
 -1.98810   0.99945  -0.28562  -0.70044 : 1
 -1.93890   1.57060   0.04598  -1.12200 : 1
 -1.43750  -1.86240   4.02600   0.55127 : 1
 -3.18750  -7.57560  11.86780  -0.57889 : 1
 -4.67650  -5.66360  10.96900  -0.33449 : 1
 -2.02850   3.84680  -0.63435  -1.17500 : 1
  0.26637   0.73252  -0.67891   0.03533 : 1
 -1.75890  -6.46240   8.47730   0.31981 : 1
 -3.59850 -13.65930  17.60520  -2.49270 : 1
 -3.35820  -7.24040  11.44190  -0.57113 : 1
 -2.36290  -0.10554   1.93360   1.13580 : 1
 -2.18020   3.37910  -1.22560  -2.66210 : 1
 -0.40951  -0.15521   0.06055  -0.08881 : 1
 -2.29180  -7.25700   7.95970   0.92110 : 1
 -4.02140 -12.80060  15.61990  -0.95647 : 1
 -3.38840  -8.21500  10.33150   0.98187 : 1
 -2.00460  -0.49457   1.33300   1.65430 : 1
 -1.70630   2.79560  -2.37800  -2.34910 : 1
 -1.63860   3.35840  -1.73020  -3.56460 : 1
 -0.41645   0.32487  -0.33617  -0.36036 : 1
 -1.58770  -6.60720   5.80220   0.31593 : 1
 -2.59610  -9.34900   9.79420  -0.28018 : 1
 -1.52280  -6.47890   5.75680   0.87325 : 1
 -0.53072  -0.09727  -0.21793   1.04260 : 1
 -0.49081   2.84520  -3.64360  -3.10040 : 1
 -6.57730   6.80170   0.85483  -7.53440 : 1
 -2.46210   2.76450  -0.62578  -2.85730 : 1
 -1.39950  -1.91620   2.51540   0.59912 : 1
 -2.32210  -9.33040   9.23300  -0.79871 : 1
 -3.73000 -12.97230  12.98170  -2.68400 : 1
 -1.69880  -7.11630   5.79020   0.16723 : 1
 -0.26654  -0.64562  -0.42014   0.89136 : 1
  0.33325   3.31080  -4.50810  -4.01200 : 1
 -4.20910   4.72830  -0.49126  -5.21590 : 1
 -2.31420  -0.68494   1.98330  -0.44829 : 1
 -2.48350  -7.44940   6.89640  -0.64484 : 1
 -2.76110 -10.50990   9.02390  -1.95470 : 1
 -0.36025  -4.44900   2.10670   0.94308 : 1
  1.01170   0.90220  -2.35060   0.42714 : 1
  0.96708   3.84260  -4.93140  -4.13230 : 1
 -5.20490   7.25900   0.07083  -7.30040 : 1
 -3.32030  -0.02691   2.96180  -0.44958 : 1
 -2.56500  -5.78990   6.01220   0.04697 : 1
 -1.59510  -6.57200   4.76890  -0.94354 : 1
  0.70490   0.17174  -1.78590   0.36119 : 1
  1.73310   3.95440  -4.74120  -2.50170 : 1
  0.68180   4.85040  -5.21330  -6.10430 : 1
 -6.33640   9.28480   0.01427  -6.78440 : 1
 -3.80530   2.42730   0.68090  -1.08710 : 1
 -2.19790  -2.12520   1.71510   0.45171 : 1
 -0.87874  -2.21210  -0.05170   0.09999 : 1
  0.74067   1.72990  -3.19630  -0.14570 : 1
  0.98296   3.42260  -3.96920  -1.71160 : 1
 -0.34890   3.19290  -3.40540  -3.18320 : 1
 -3.85520   3.52190  -0.38415  -3.86080 : 1
 -6.95990   8.99310   0.21820  -4.57200 : 1
 -4.74620   3.12050   1.07500  -1.29660 : 1
 -3.20510  -0.14279   0.97565   0.04568 : 1
 -1.75490  -0.08071  -0.75774  -0.37070 : 1
 -0.59587   2.48110  -2.86730  -0.89828 : 1
 -0.89542   2.02790  -2.36520  -1.27460 : 1
 -2.07540   1.27670  -0.64206  -1.26420 : 1
 -3.27780   1.80230   0.18050  -2.39310 : 1
 -2.21830  -1.25400   2.99860   0.36378 : 1
 -3.58950  -6.57200  10.52510  -0.16381 : 1
 -5.04770  -5.80230  11.24400  -0.39010 : 1
 -3.57410   3.94400  -0.07912  -2.12030 : 1
 -0.73510   1.73610  -1.49380  -1.15820 : 1
 -2.26170  -4.74280   6.34890   0.11162 : 1
 -4.24400 -13.06340  17.11160  -2.80170 : 1
 -4.02180  -8.30400  12.55500  -1.50990 : 1
 -3.02010  -0.67253   2.70560   0.85774 : 1
 -2.49410   3.54470  -1.37210  -2.84830 : 1
 -0.83121   0.03931   0.05369  -0.23105 : 1
 -2.56650  -6.88240   7.54160   0.70774 : 1
 -4.40180 -12.93710  15.65590  -1.68060 : 1
 -3.75730  -8.29160  10.30320   0.38059 : 1
 -2.47250  -0.40145   1.48550   1.11890 : 1
 -1.97250   2.88250  -2.30860  -2.37240 : 1
 -2.01490   3.68740  -1.93850  -3.89180 : 1
 -0.82053   0.65181  -0.48869  -0.52716 : 1
 -1.78860  -6.34860   5.61540   0.42584 : 1
 -2.91380  -9.47110   9.76680  -0.60216 : 1
 -1.83430  -6.59070   5.64290   0.54998 : 1
 -0.87340  -0.03312  -0.20165   0.55774 : 1
 -0.70346   2.95700  -3.59470  -3.14570 : 1
 -6.73870   6.98790   0.67833  -7.58870 : 1
 -2.77230   3.27770  -0.93510  -3.14570 : 1
 -1.66410  -1.36780   1.99700   0.52283 : 1
 -2.43490  -9.24970   8.99220  -0.50001 : 1
 -3.79300 -12.70950  12.79570  -2.82500 : 1
 -1.95510  -6.97560   5.53830  -0.12889 : 1
 -0.69078  -0.50077  -0.35417   0.47498 : 1
  0.02501   3.39980  -4.43270  -4.26550 : 1
 -4.39670   4.96010  -0.64892  -5.47190 : 1
 -2.45600  -0.24418   1.40410  -0.45863 : 1
 -2.62000  -6.85550   6.21690  -0.62285 : 1
 -2.96620 -10.32570   8.78400  -2.11380 : 1
 -0.71494  -4.44480   2.22410   0.49826 : 1
  0.60050   0.99945  -2.21260   0.09740 : 1
  0.61652   3.89440  -4.72750  -4.39480 : 1
 -5.44140   7.23630   0.10938  -7.56420 : 1
 -3.57980   0.45937   2.34570  -0.45734 : 1
 -2.77690  -5.69670   5.91790   0.37671 : 1
 -1.83560  -6.75620   5.05850  -0.55044 : 1
  0.30081   0.17381  -1.75420   0.48921 : 1
  1.34030   4.13230  -4.70180  -2.59870 : 1
  0.26877   4.98700  -5.15080  -6.39130 : 1
 -6.52350   9.60140  -0.25392  -6.96420 : 1
 -4.06790   2.49550   0.79571  -1.10390 : 1
 -2.56400  -1.70510   1.50260   0.32757 : 1
 -1.34140  -1.91620  -0.15538  -0.11984 : 1
  0.23874   2.08790  -3.35220  -0.66553 : 1
  0.62120   3.67710  -4.07710  -2.07110 : 1
 -0.77848   3.40190  -3.48590  -3.55690 : 1
 -4.12440   3.79090  -0.65320  -4.18020 : 1
 -7.04210   9.20000   0.25933  -4.68320 : 1
 -4.94620   3.57160   0.82742  -1.49570 : 1
 -3.53590   0.30417   0.65690  -0.29570 : 1
 -2.06620   0.16967  -1.00540  -0.82975 : 1
 -0.88728   2.80800  -3.14320  -1.20350 : 1
 -1.09410   2.30720  -2.52370  -1.44530 : 1
 -2.44580   1.62850  -0.88541  -1.48020 : 1
 -3.55100   1.89550   0.18650  -2.44090 : 1
 -2.28110  -0.85669   2.71850   0.04438 : 1
 -3.60530  -5.97400  10.09160  -0.82846 : 1
 -5.06760  -5.18770  10.42660  -0.86725 : 1
 -3.92040   4.07230  -0.23678  -2.11510 : 1
 -1.13060   1.84580  -1.35750  -1.38060 : 1
 -2.45610  -4.55660   6.45340  -0.05648 : 1
 -4.47750 -13.03030  17.08340  -3.03450 : 1
 -4.19580  -8.18190  12.12910  -1.60170 : 1
 -3.38000  -0.70770   2.53250   0.71808 : 1
 -2.43650   3.60260  -1.41660  -2.89480 : 1
 -0.77688   0.13036  -0.03114  -0.35389 : 1
 -2.70830  -6.82660   7.53390   0.59007 : 1
 -4.55310 -12.58540  15.44170  -1.49830 : 1
 -3.88940  -7.83220   9.82080   0.47498 : 1
 -2.50840  -0.22763   1.48800   1.20690 : 1
 -2.16520   3.02110  -2.41320  -2.42410 : 1
 -1.89740   3.50740  -1.78420  -3.84910 : 1
 -0.62043   0.55870  -0.38587  -0.66423 : 1
 -1.83870  -6.30100   5.65060   0.19567 : 1
 -3.00000  -9.15660   9.57660  -0.73018 : 1
 -1.91160  -6.16030   5.60600   0.48533 : 1
 -1.00500   0.08483  -0.24620   0.45688 : 1
 -0.87834   3.25700  -3.67780  -3.29440 : 1
 -6.65100   6.79340   0.68604  -7.58870 : 1
 -2.54630   3.11010  -0.83228  -3.03580 : 1
 -1.43770  -1.43200   2.11440   0.42067 : 1
 -2.45540  -9.04070   8.86200  -0.86983 : 1
 -3.94110 -12.87920  13.05970  -3.31250 : 1
 -2.12410  -6.89690   5.59920  -0.47156 : 1
 -0.74324  -0.32902  -0.42785   0.23317 : 1
 -0.07150   3.74120  -4.54150  -4.25260 : 1
 -4.23330   4.91660  -0.49212  -5.32070 : 1
 -2.36750  -0.43663   1.69200  -0.43018 : 1
 -2.55260  -7.36250   6.92550  -0.66811 : 1
 -3.09860 -10.46020   8.97170  -2.34270 : 1
 -0.89809  -4.48620   2.20090   0.50731 : 1
  0.56232   1.00150  -2.27260  -0.00605 : 1
  0.53936   3.89440  -4.81660  -4.34180 : 1
 -5.30120   7.39150   0.02970  -7.39870 : 1
 -3.35530   0.35591   2.64730  -0.37846 : 1
 -2.79080  -5.71330   5.95300   0.45946 : 1
 -1.99830  -6.60720   4.82540  -0.41984 : 1
  0.15423   0.11794  -1.68230   0.59524 : 1
  1.20800   4.07440  -4.76350  -2.61290 : 1
  0.29520   4.88560  -5.14900  -6.23230 : 1
 -6.42470   9.53110   0.02284  -6.85170 : 1
 -3.99330   2.62180   0.62863  -1.15950 : 1
 -2.65900  -1.60580   1.36470   0.16464 : 1
 -1.40940  -2.12520  -0.10397  -0.19225 : 1
  0.11032   1.97410  -3.36680  -0.65259 : 1
  0.52374   3.64400  -4.07460  -1.99090 : 1
 -0.76794   3.45980  -3.44050  -3.42760 : 1
 -3.96980   3.68120  -0.60008  -4.01330 : 1
 -7.03640   9.29310   0.16594  -4.53960 : 1
 -4.94470   3.30050   1.06300  -1.44400 : 1
 -3.59330   0.22968   0.71260  -0.33320 : 1
 -2.16740   0.12415  -1.04650  -0.86208 : 1
 -0.96070   2.69630  -3.12260  -1.31210 : 1
 -1.08020   2.19960  -2.58620  -1.27590 : 1
 -2.32770   1.43810  -0.82114  -1.28620 : 1
 -3.72440   1.90370  -0.03542  -2.50950 : 1
 -2.57240  -0.95602   2.70730  -0.16639 : 1
 -3.92970  -6.08160  10.09580  -1.01470 : 1
 -5.29430  -5.14630  10.33320  -1.11810 : 1
 -3.89530   4.03920  -0.30190  -2.18360 : 1
 -1.22440   1.74850  -1.48010  -1.41810 : 1
 -2.64060  -4.41590   5.98300  -0.13924 : 1
 -4.63380 -12.75090  16.71660  -3.21680 : 1
 -4.28870  -7.86330  11.83870  -1.89780 : 1
 -3.34580  -0.50491   2.63280   0.53705 : 1
 -1.11880   3.33570  -1.34550  -1.95730 : 1
  0.55939  -0.31040   0.18307   0.44653 : 1
 -1.50780  -7.31910   7.89810   1.22890 : 1
 -3.50600 -12.56670  15.16060  -0.75216 : 1
 -2.94980  -8.27300  10.26460   1.16290 : 1
 -1.60290  -0.38903   1.62000   1.91030 : 1
 -1.26670   2.81830  -2.42600  -1.88620 : 1
 -0.49281   3.06050  -1.83560  -2.83400 : 1
  0.66365  -0.04553  -0.18794   0.23447 : 1
 -0.72068  -6.75830   5.84080   0.62369 : 1
 -1.99660  -9.50010   9.68200  -0.12889 : 1
 -0.97325  -6.41680   5.60260   1.03230 : 1
 -0.02531  -0.17383  -0.11339   1.21980 : 1
  0.06252   2.93010  -3.54670  -2.67370 : 1
 -5.52500   6.32580   0.89768  -6.62410 : 1
 -1.29430   2.67350  -0.84085  -2.03230 : 1
 -0.24037  -1.78370   2.13500   1.24180 : 1
 -1.39680  -9.66980   9.46520  -0.34872 : 1
 -2.96720 -13.28690  13.47270  -2.62710 : 1
 -1.10050  -7.25080   6.01390   0.36895 : 1
  0.22432  -0.52147  -0.40386   1.20170 : 1
  0.90407   3.37080  -4.49870  -3.69650 : 1
 -2.86190   4.51930  -0.58123  -4.26290 : 1
 -1.08330  -0.31247   1.28150   0.41291 : 1
 -1.56810  -7.24460   6.55370  -0.12760 : 1
 -2.05450 -10.86790   9.49260  -1.41160 : 1
  0.23460  -4.51520   2.11950   1.44480 : 1
  1.58100   0.86909  -2.31380   0.82412 : 1
  1.55140   3.80130  -4.91430  -3.74830 : 1
 -4.14790   7.12250  -0.08340  -6.41720 : 1
 -2.26250  -0.09934   2.81270   0.48662 : 1
 -1.74790  -5.82300   5.86990   1.21200 : 1
 -0.95923  -6.71280   4.98570   0.32886 : 1
  1.34510   0.23589  -1.87850   1.32580 : 1
  2.22790   4.09510  -4.80370  -2.11120 : 1
  1.25720   4.87310  -5.28610  -5.87410 : 1
 -5.38570   9.12140  -0.41929  -5.91810 : 1
 -2.97860   2.34450   0.52667  -0.40173 : 1
 -1.58510  -2.15620   1.70820   0.90170 : 1
 -0.21888  -2.20380  -0.09540   0.56421 : 1
  1.31830   1.90170  -3.31110   0.06507 : 1
  1.48960   3.42880  -4.03090  -1.42590 : 1
  0.11592   3.22190  -3.43020  -2.84570 : 1
 -3.39240   3.35640  -0.72004  -3.52330 : 1
 -6.16320   8.70960  -0.21621  -3.63450 : 1
 -4.07860   2.92390   0.87026  -0.65389 : 1
 -2.58990  -0.39110   0.93452   0.42972 : 1
 -1.01160  -0.19038  -0.90597   0.00300 : 1
  0.06613   2.49140  -2.94010  -0.62156 : 1
 -0.24745   1.93680  -2.46970  -0.80518 : 1
 -1.57320   1.06360  -0.71232  -0.83880 : 1
 -2.16680   1.59330   0.04512  -1.67800 : 1
 -1.16670  -1.42370   2.92410   0.66119 : 1
 -2.83910  -6.63000  10.48490  -0.42113 : 1
 -4.50460  -5.81260  10.88670  -0.52846 : 1
 -2.41000   3.74330  -0.40215  -1.29530 : 1
  0.40614   1.34920  -1.45010  -0.55949 : 1
 -1.38870  -4.87730   6.47740   0.34179 : 1
 -3.75030 -13.45860  17.59320  -2.77710 : 1
 -3.56370  -8.38270  12.39300  -1.28230 : 1
 -2.54190  -0.65804   2.68420   1.19520 : 1
